H,E-PAPER-42,400,300,1,SPI,1,*,*,*,*,*,*,*,10
:S,1,1,1,0,10,10
:I
01,5,03,00,2b,2b,ff
06,3,17,17,17
04,0
00,1,3F
30,1,3C
:L1
40,17,00,00,00,02
00,17,17,00,00,02
00,0A,01,00,00,01
00,0E,0E,00,00,02
00,00,00,00,00,00
00,00,00,00,00,00
00,00,00,00,00,00,00,00
:L2
40,17,00,00,00,02
90,17,17,00,00,02
40,0A,01,00,00,01
A0,0E,0E,00,00,02
00,00,00,00,00,00
00,00,00,00,00,00
00,00,00,00,00,00
:L3
40,17,00,00,00,02
90,17,17,00,00,02
40,0A,01,00,00,01
A0,0E,0E,00,00,02
00,00,00,00,00,00
00,00,00,00,00,00
00,00,00,00,00,00
:L4
80,17,00,00,00,02
90,17,17,00,00,02
80,0A,01,00,00,01
50,0E,0E,00,00,02
00,00,00,00,00,00
00,00,00,00,00,00
00,00,00,00,00,00
:L5
80,17,00,00,00,02
90,17,17,00,00,02
80,0A,01,00,00,01
50,0E,0E,00,00,02
00,00,00,00,00,00
00,00,00,00,00,00
00,00,00,00,00,00
:T,450,10,300
#
